{
  "nbformat": 4,
  "nbformat_minor": 0,
  "metadata": {
    "colab": {
      "name": "CompletionRates.ipynb",
      "provenance": [],
      "collapsed_sections": [],
      "authorship_tag": "ABX9TyNlyVxYO7VFk/hqVGMzN+UL",
      "include_colab_link": true
    },
    "kernelspec": {
      "name": "python3",
      "display_name": "Python 3"
    },
    "language_info": {
      "name": "python"
    }
  },
  "cells": [
    {
      "cell_type": "markdown",
      "metadata": {
        "id": "view-in-github",
        "colab_type": "text"
      },
      "source": [
        "<a href=\"https://colab.research.google.com/github/EoghanDoyle/MachineLearningAssaignment1/blob/main/CompletionRates.ipynb\" target=\"_parent\"><img src=\"https://colab.research.google.com/assets/colab-badge.svg\" alt=\"Open In Colab\"/></a>"
      ]
    },
    {
      "cell_type": "code",
      "metadata": {
        "colab": {
          "base_uri": "https://localhost:8080/"
        },
        "id": "05j31FMyFb8w",
        "outputId": "bc481f2a-147d-4d8b-8a9f-bcfbb8bc0b25"
      },
      "source": [
        "from google.colab import drive\n",
        "drive.mount('/content/drive')"
      ],
      "execution_count": 1,
      "outputs": [
        {
          "output_type": "stream",
          "text": [
            "Mounted at /content/drive\n"
          ],
          "name": "stdout"
        }
      ]
    },
    {
      "cell_type": "code",
      "metadata": {
        "colab": {
          "base_uri": "https://localhost:8080/",
          "height": 1000
        },
        "id": "zGUiKfvwFnWv",
        "outputId": "39d7edb1-6f4e-4f3d-ab28-4c1243108ef4"
      },
      "source": [
        "#Importing Libraries needed\n",
        "import numpy as np\n",
        "import pandas as pd\n",
        "import matplotlib.pyplot as plt\n",
        "import seaborn as sns\n",
        "from sklearn.model_selection import train_test_split\n",
        "from sklearn.preprocessing import StandardScaler\n",
        "from sklearn import tree\n",
        "from sklearn.model_selection import GridSearchCV\n",
        "from sklearn import metrics\n",
        "from imblearn.over_sampling import SMOTE  # imblearn library can be installed using pip install imblearn\n",
        "from sklearn.ensemble import RandomForestClassifier\n",
        "from imblearn.pipeline import Pipeline\n",
        "import plotly.graph_objs as go\n",
        "import plotly.figure_factory as ff\n",
        "from sklearn.ensemble import RandomForestRegressor\n",
        "from sklearn.linear_model import SGDRegressor\n",
        "from sklearn.decomposition import PCA\n",
        "\n",
        "########################################################################################## Data Preperation ###################################################################################################\n",
        "\n",
        "# Importing dataset and examining it\n",
        "dataset = pd.read_csv(\"/content/drive/My Drive/DBS/CompletionRates.csv\")\n",
        "pd.set_option('display.max_columns', None) # to make sure you can see all the columns in output window\n",
        "print(dataset.head())\n",
        "print(dataset.shape)\n",
        "print(dataset.info())\n",
        "print(dataset.describe())\n",
        "\n",
        "#x1 = dataset.drop(['HECR','TS_DPEN','ST_FI_LO','TS_MEN', 'ST_FI_H2','HL_ED_P_HS','ST_FI_M2','HL_ED_P_MS'], axis = 1)\n",
        "\n",
        "# Plotting Correlation Heatmap\n",
        "corrs = dataset.corr()\n",
        "figure = ff.create_annotated_heatmap(\n",
        "    z=corrs.values,\n",
        "    x=list(corrs.columns),\n",
        "    y=list(corrs.index),\n",
        "    annotation_text=corrs.round(2).values,\n",
        "    showscale=True)\n",
        "figure.show()\n",
        "\n",
        "# Dividing dataset into label and feature sets\n",
        "X = dataset.drop(['HECR','TS_DPEN','ST_FI_LO','TS_MEN', 'ST_FI_H2','HL_ED_P_HS','ST_FI_M2','HL_ED_P_MS'], axis = 1) # Features\n",
        "Y = dataset['HECR'] # Labels\n",
        "print(type(X))\n",
        "print(type(Y))\n",
        "print(X.shape)\n",
        "print(Y.shape)\n",
        "\n",
        "# Normalizing numerical features so that each feature has mean 0 and variance 1\n",
        "feature_scaler = StandardScaler()\n",
        "X_scaled = feature_scaler.fit_transform(X)\n",
        "\n",
        "# Tuning the random forest parameter 'n_estimators' and implementing cross-validation using Grid Search\n",
        "rfr = RandomForestRegressor(criterion='mse', max_features='sqrt', random_state=1)\n",
        "grid_param = {'n_estimators': [500,550,600,650,700,750,800]}\n",
        "\n",
        "gd_sr = GridSearchCV(estimator=rfr, param_grid=grid_param, scoring='r2', cv=5)\n",
        "\n",
        "gd_sr.fit(X_scaled, Y)\n",
        "\n",
        "print(\"Cross-validation results:\\n\", pd.DataFrame.from_dict(gd_sr.cv_results_))\n",
        "\n",
        "best_parameters = gd_sr.best_params_\n",
        "print(\"Optimal parameters:\\n\", best_parameters)\n",
        "\n",
        "best_result = gd_sr.best_score_ # Mean cross-validated score of the best_estimator\n",
        "print(\"Best mean cross-validated score:\\n\", best_result)\n",
        "\n",
        "#Building random forest using the tuned parameter\n",
        "rfr = RandomForestRegressor(n_estimators=700, criterion='mse', max_features='sqrt', random_state=1)\n",
        "rfr.fit(X_scaled,Y)\n",
        "featimp = pd.Series(rfr.feature_importances_, index=list(X)).sort_values(ascending=False)\n",
        "print(featimp)\n",
        "\n",
        "# Selecting features with higher sifnificance and redefining feature set\n",
        "X_ = dataset[['HL_ED_P_PS','PER_PT','INST_EXP_PS','AVG_FAC_SAL_PM','ST_FI_M1','TS','ST_FI_H1','TS_MAR']]\n",
        "\n",
        "feature_scaler = StandardScaler()\n",
        "X_scaled_ = feature_scaler.fit_transform(X_)\n",
        "\n",
        "# Tuning the random forest parameter 'n_estimators' and implementing cross-validation using Grid Search\n",
        "rfr = RandomForestRegressor(criterion='mse', max_features='sqrt', random_state=1)\n",
        "grid_param = {'n_estimators': [600,650,700,750,800]}\n",
        "\n",
        "gd_sr = GridSearchCV(estimator=rfr, param_grid=grid_param, scoring='r2', cv=5)\n",
        "\n",
        "gd_sr.fit(X_scaled_, Y)\n",
        "\n",
        "print(\"Cross-validation results:\\n\", pd.DataFrame.from_dict(gd_sr.cv_results_))\n",
        "\n",
        "best_parameters = gd_sr.best_params_\n",
        "print(\"Optimal parameters:\\n\", best_parameters)\n",
        "\n",
        "best_result = gd_sr.best_score_ # Mean cross-validated score of the best_estimator\n",
        "print(\"Best mean cross-validated score:\\n\", best_result)\n",
        "\n",
        "\n",
        "# ########################################################################### Linear Regression ###########################################################################\n",
        "#Linear Regression\n",
        "#Tuning the SGDRegressor parameters 'eta0' (learning rate) and 'max_iter' using Grid Search\n",
        "sgdr = SGDRegressor(random_state = 1)\n",
        "grid_param = {'eta0': [.0001, .001, .01, .1, 1], 'max_iter':[10000, 20000, 30000, 40000]}\n",
        "\n",
        "gd_sr = GridSearchCV(estimator=sgdr, param_grid=grid_param, scoring='r2', cv=5)\n",
        "\n",
        "gd_sr.fit(X_scaled, Y)\n",
        "\n",
        "best_parameters = gd_sr.best_params_\n",
        "print(best_parameters)\n",
        "\n",
        "best_result = gd_sr.best_score_ # Mean cross-validated score of the best_estimator\n",
        "print(best_result)\n",
        "\n",
        "# Building SGDRegressor using the tuned parameters\n",
        "sgdr = SGDRegressor(eta0=.01, max_iter=10000, penalty=None, random_state=1)\n",
        "sgdr.fit(X_scaled,Y)\n",
        "print('Intercept', sgdr.intercept_)\n",
        "print(pd.DataFrame(zip(X.columns, sgdr.coef_), columns=['Features','Coefficients']).sort_values(by=['Coefficients'],ascending=False))"
      ],
      "execution_count": 4,
      "outputs": [
        {
          "output_type": "stream",
          "text": [
            "/usr/local/lib/python3.7/dist-packages/sklearn/externals/six.py:31: FutureWarning: The module is deprecated in version 0.21 and will be removed in version 0.23 since we've dropped support for Python 2.7. Please rely on the official version of six (https://pypi.org/project/six/).\n",
            "  \"(https://pypi.org/project/six/).\", FutureWarning)\n",
            "/usr/local/lib/python3.7/dist-packages/sklearn/utils/deprecation.py:144: FutureWarning: The sklearn.neighbors.base module is  deprecated in version 0.22 and will be removed in version 0.24. The corresponding classes / functions should instead be imported from sklearn.neighbors. Anything that cannot be imported from sklearn.neighbors is now part of the private API.\n",
            "  warnings.warn(message, FutureWarning)\n"
          ],
          "name": "stderr"
        },
        {
          "output_type": "stream",
          "text": [
            "   HIGH_DEG  INST_TYPE  INST_EXP_PS  AVG_FAC_SAL_PM     TS  TS_MEN  TS_WOM  \\\n",
            "0         4          1         3212            4587   3903  0.4766  0.5234   \n",
            "1         4          1        10418            6398   9562  0.4195  0.5805   \n",
            "2         4          1         5784            5859   4165  0.4898  0.5102   \n",
            "3         4          1         5824            6109  14245  0.4795  0.5205   \n",
            "4         4          1         4622            6102  18520  0.5212  0.4788   \n",
            "\n",
            "     TS_MAR   TS_DPEN    TS_VET  PER_PT  ST_FI_LO  ST_FI_M1  ST_FI_M2  \\\n",
            "0  0.056698  0.821877  0.018063  0.0699  0.504265  0.172604  0.136979   \n",
            "1  0.149349  0.590745  0.039623  0.3095  0.490163  0.155722  0.144638   \n",
            "2  0.221490  0.551088  0.048780  0.3160  0.440343  0.156229  0.154252   \n",
            "3  0.065476  0.815247  0.024038  0.1046  0.331731  0.133242  0.156364   \n",
            "4  0.061376  0.825645  0.025997  0.0821  0.272478  0.126271  0.150899   \n",
            "\n",
            "   ST_FI_H1  ST_FI_H2  HL_ED_P_MS  HL_ED_P_HS  HL_ED_P_PS    HECR  \n",
            "0  0.110386  0.075765    0.013812    0.359669    0.626519  0.3733  \n",
            "1  0.120532  0.088944    0.016633    0.388970    0.594397  0.3274  \n",
            "2  0.143705  0.105471    0.020833    0.358333    0.620833  0.3458  \n",
            "3  0.173993  0.204670    0.008762    0.312811    0.678428  0.5862  \n",
            "4  0.191947  0.258405    0.004407    0.240585    0.755008  0.6562  \n",
            "(14300, 20)\n",
            "<class 'pandas.core.frame.DataFrame'>\n",
            "RangeIndex: 14300 entries, 0 to 14299\n",
            "Data columns (total 20 columns):\n",
            " #   Column          Non-Null Count  Dtype  \n",
            "---  ------          --------------  -----  \n",
            " 0   HIGH_DEG        14300 non-null  int64  \n",
            " 1   INST_TYPE       14300 non-null  int64  \n",
            " 2   INST_EXP_PS     14300 non-null  int64  \n",
            " 3   AVG_FAC_SAL_PM  14300 non-null  int64  \n",
            " 4   TS              14300 non-null  int64  \n",
            " 5   TS_MEN          14300 non-null  float64\n",
            " 6   TS_WOM          14300 non-null  float64\n",
            " 7   TS_MAR          14300 non-null  float64\n",
            " 8   TS_DPEN         14300 non-null  float64\n",
            " 9   TS_VET          14300 non-null  float64\n",
            " 10  PER_PT          14300 non-null  float64\n",
            " 11  ST_FI_LO        14300 non-null  float64\n",
            " 12  ST_FI_M1        14300 non-null  float64\n",
            " 13  ST_FI_M2        14300 non-null  float64\n",
            " 14  ST_FI_H1        14300 non-null  float64\n",
            " 15  ST_FI_H2        14300 non-null  float64\n",
            " 16  HL_ED_P_MS      14300 non-null  float64\n",
            " 17  HL_ED_P_HS      14300 non-null  float64\n",
            " 18  HL_ED_P_PS      14300 non-null  float64\n",
            " 19  HECR            14300 non-null  float64\n",
            "dtypes: float64(15), int64(5)\n",
            "memory usage: 2.2 MB\n",
            "None\n",
            "           HIGH_DEG     INST_TYPE   INST_EXP_PS  AVG_FAC_SAL_PM            TS  \\\n",
            "count  14300.000000  14300.000000  14300.000000    14300.000000  14300.000000   \n",
            "mean       3.776573      1.614266   7185.143217     6511.459231   7277.445804   \n",
            "std        0.457522      0.686267   5912.441102     1878.892658   7880.028797   \n",
            "min        2.000000      1.000000   2001.000000      656.000000    500.000000   \n",
            "25%        4.000000      1.000000   4438.000000     5190.000000   1733.000000   \n",
            "50%        4.000000      1.000000   5930.500000     6201.500000   4136.000000   \n",
            "75%        4.000000      2.000000   8135.000000     7580.000000   9994.000000   \n",
            "max        4.000000      3.000000  99578.000000    18089.000000  62050.000000   \n",
            "\n",
            "             TS_MEN        TS_WOM        TS_MAR       TS_DPEN        TS_VET  \\\n",
            "count  14300.000000  14300.000000  14300.000000  14300.000000  14300.000000   \n",
            "mean       0.436783      0.563217      0.128949      0.654349      0.025280   \n",
            "std        0.131714      0.131714      0.095156      0.201806      0.027741   \n",
            "min        0.000000      0.000000      0.004643      0.027608      0.001021   \n",
            "25%        0.380500      0.514900      0.053931      0.543298      0.008691   \n",
            "50%        0.429300      0.570700      0.101967      0.695728      0.017348   \n",
            "75%        0.485100      0.619500      0.182239      0.814881      0.029699   \n",
            "max        1.000000      1.000000      0.710611      0.965347      0.324054   \n",
            "\n",
            "             PER_PT      ST_FI_LO      ST_FI_M1      ST_FI_M2      ST_FI_H1  \\\n",
            "count  14300.000000  14300.000000  14300.000000  14300.000000  14300.000000   \n",
            "mean       0.184851      0.372956      0.154180      0.157618      0.147346   \n",
            "std        0.147653      0.145285      0.030392      0.033569      0.055566   \n",
            "min        0.000000      0.088429      0.061331      0.022783      0.005574   \n",
            "25%        0.079775      0.262869      0.132091      0.141065      0.111736   \n",
            "50%        0.147400      0.344105      0.153516      0.158737      0.152804   \n",
            "75%        0.247800      0.456232      0.174115      0.177454      0.187453   \n",
            "max        0.973800      0.907579      0.301712      0.285425      0.292359   \n",
            "\n",
            "           ST_FI_H2    HL_ED_P_MS    HL_ED_P_HS    HL_ED_P_PS          HECR  \n",
            "count  14300.000000  14300.000000  14300.000000  14300.000000  14300.000000  \n",
            "mean       0.167901      0.032476      0.357158      0.610366      0.509596  \n",
            "std        0.097650      0.025836      0.084495      0.098086      0.142362  \n",
            "min        0.001476      0.002097      0.098077      0.301518      0.300000  \n",
            "25%        0.095325      0.015027      0.302903      0.540202      0.398200  \n",
            "50%        0.157807      0.024783      0.361037      0.607723      0.487850  \n",
            "75%        0.233891      0.042162      0.417987      0.675926      0.595025  \n",
            "max        0.538512      0.292784      0.636364      0.896737      1.000000  \n"
          ],
          "name": "stdout"
        },
        {
          "output_type": "display_data",
          "data": {
            "text/html": [
              "<html>\n",
              "<head><meta charset=\"utf-8\" /></head>\n",
              "<body>\n",
              "    <div>\n",
              "            <script src=\"https://cdnjs.cloudflare.com/ajax/libs/mathjax/2.7.5/MathJax.js?config=TeX-AMS-MML_SVG\"></script><script type=\"text/javascript\">if (window.MathJax) {MathJax.Hub.Config({SVG: {font: \"STIX-Web\"}});}</script>\n",
              "                <script type=\"text/javascript\">window.PlotlyConfig = {MathJaxConfig: 'local'};</script>\n",
              "        <script src=\"https://cdn.plot.ly/plotly-latest.min.js\"></script>    \n",
              "            <div id=\"1722d57e-3c3b-4c58-ab5c-a5af1e51ea51\" class=\"plotly-graph-div\" style=\"height:525px; width:100%;\"></div>\n",
              "            <script type=\"text/javascript\">\n",
              "                \n",
              "                    window.PLOTLYENV=window.PLOTLYENV || {};\n",
              "                    \n",
              "                if (document.getElementById(\"1722d57e-3c3b-4c58-ab5c-a5af1e51ea51\")) {\n",
              "                    Plotly.newPlot(\n",
              "                        '1722d57e-3c3b-4c58-ab5c-a5af1e51ea51',\n",
              "                        [{\"colorscale\": [[0.0, \"#0d0887\"], [0.1111111111111111, \"#46039f\"], [0.2222222222222222, \"#7201a8\"], [0.3333333333333333, \"#9c179e\"], [0.4444444444444444, \"#bd3786\"], [0.5555555555555556, \"#d8576b\"], [0.6666666666666666, \"#ed7953\"], [0.7777777777777778, \"#fb9f3a\"], [0.8888888888888888, \"#fdca26\"], [1.0, \"#f0f921\"]], \"reversescale\": false, \"showscale\": true, \"type\": \"heatmap\", \"x\": [\"HIGH_DEG\", \"INST_TYPE\", \"INST_EXP_PS\", \"AVG_FAC_SAL_PM\", \"TS\", \"TS_MEN\", \"TS_WOM\", \"TS_MAR\", \"TS_DPEN\", \"TS_VET\", \"PER_PT\", \"ST_FI_LO\", \"ST_FI_M1\", \"ST_FI_M2\", \"ST_FI_H1\", \"ST_FI_H2\", \"HL_ED_P_MS\", \"HL_ED_P_HS\", \"HL_ED_P_PS\", \"HECR\"], \"y\": [\"HIGH_DEG\", \"INST_TYPE\", \"INST_EXP_PS\", \"AVG_FAC_SAL_PM\", \"TS\", \"TS_MEN\", \"TS_WOM\", \"TS_MAR\", \"TS_DPEN\", \"TS_VET\", \"PER_PT\", \"ST_FI_LO\", \"ST_FI_M1\", \"ST_FI_M2\", \"ST_FI_H1\", \"ST_FI_H2\", \"HL_ED_P_MS\", \"HL_ED_P_HS\", \"HL_ED_P_PS\", \"HECR\"], \"z\": [[1.0, -0.39144027947432125, 0.18753887957146367, 0.3758702363615185, 0.30223364467279873, -0.13597756585820306, 0.13597736572034066, -0.18042078400109163, 0.2935415334667332, -0.27171413389811166, -0.14033788287723847, -0.35692866335703727, -0.12124960301055256, 0.25208216321347626, 0.30147730277474666, 0.3105726337671169, -0.2216204246809089, -0.3030923185001151, 0.3194702159482369, 0.15833102178851075], [-0.39144027947432125, 1.0, -0.10424492262303299, -0.4308998085648032, -0.4992445835649881, 0.019427252277870316, -0.019426910698763955, 0.4412655895553897, -0.5718313169593154, 0.4326438670595838, 0.19680543020129745, 0.3226463281311787, 0.13762264755780348, -0.25864298806382, -0.30775244619842995, -0.2588365818627177, 0.2919926089591152, 0.2845937036655829, -0.32207108616444896, 0.022437604530499075], [0.18753887957146367, -0.10424492262303299, 1.0, 0.5656312006715394, 0.21347314920683572, 0.06612331916070878, -0.06612341974207145, -0.25432206080086917, 0.19905809260066726, -0.2111024575700704, -0.22251040982733894, -0.15869941401491863, -0.22935685643488612, -0.07361381997436267, 0.02396545540954635, 0.3191675326117892, -0.13731262876008182, -0.4680169697929506, 0.4393353631527846, 0.4706618759788804], [0.3758702363615185, -0.4308998085648032, 0.5656312006715394, 1.0, 0.5549954178191383, 0.13053014197669902, -0.13053040106465463, -0.4749215009571603, 0.4260271756858668, -0.4221095715112838, -0.23215203887169222, -0.24968062733991644, -0.3050404765391126, -0.10239550935407538, 0.0577559263915762, 0.46875226237338113, -0.1372246543388887, -0.5684701755205007, 0.5258462262885726, 0.4409892638709123], [0.30223364467279873, -0.4992445835649881, 0.21347314920683572, 0.5549954178191383, 1.0, 0.1207619710696047, -0.1207623053343357, -0.3173377937204558, 0.31644043029192975, -0.2618777035525761, -0.1052706961966738, -0.09419621465377576, -0.17045867246387952, -0.08756292390801006, 0.00015935871342863094, 0.22320939297004172, -0.07874949467338983, -0.3540772003425296, 0.32575780362136636, 0.27227763744281996], [-0.13597756585820306, 0.019427252277870316, 0.06612331916070878, 0.13053014197669902, 0.1207619710696047, 1.0, -0.9999999998187287, -0.13864246251450937, 0.12814074246429388, 0.31428443141866064, -0.2051916864978639, -0.023501041244685605, -0.09740852776838174, -0.044442506846391734, -0.0006813338868539306, 0.08094750661764713, -0.06756499664293927, -0.128588053957293, 0.12856724136418426, 0.052950540079975794], [0.13597736572034066, -0.019426910698763955, -0.06612341974207145, -0.13053040106465463, -0.1207623053343357, -0.9999999998187287, 1.0, 0.13864266780307327, -0.12814089869009634, -0.31428404678852073, 0.20519156322818966, 0.023501082640248284, 0.09740873236556186, 0.04444264972273888, 0.000681235811317696, -0.08094762519219086, 0.06756506313930366, 0.12858816764670497, -0.1285673568157149, -0.05295066212437024], [-0.18042078400109163, 0.4412655895553897, -0.25432206080086917, -0.4749215009571603, -0.3173377937204558, -0.13864246251450937, 0.13864266780307327, 1.0, -0.8761555653295191, 0.5841677078537495, 0.5054908563005934, 0.37144396049648376, 0.5115049221134664, 0.018303023017188915, -0.2967879320457742, -0.5492470817335744, 0.3492025548991308, 0.5078769074559313, -0.5294846131699744, -0.2986039840553705], [0.2935415334667332, -0.5718313169593154, 0.19905809260066726, 0.4260271756858668, 0.31644043029192975, 0.12814074246429388, -0.12814089869009634, -0.8761555653295191, 1.0, -0.5617152724114546, -0.5519374598965587, -0.6403172743725742, -0.4705525215009817, 0.3171742927212176, 0.5610909444109666, 0.6708119113119942, -0.5084944428724236, -0.5647484901654474, 0.6204338274700998, 0.3084553732969358], [-0.27171413389811166, 0.4326438670595838, -0.2111024575700704, -0.4221095715112838, -0.2618777035525761, 0.31428443141866064, -0.31428404678852073, 0.5841677078537495, -0.5617152724114546, 1.0, 0.2574400727762035, 0.2580884539158543, 0.36695236153030547, -0.021543378441407964, -0.21048739415823128, -0.37101544624639743, 0.24263794319617468, 0.3934490174929361, -0.40284283305827473, -0.20919192239743745], [-0.14033788287723847, 0.19680543020129745, -0.22251040982733894, -0.23215203887169222, -0.1052706961966738, -0.2051916864978639, 0.20519156322818966, 0.5054908563005934, -0.5519374598965587, 0.2574400727762035, 1.0, 0.34160212982965504, 0.3941240434599583, -0.11873855883890021, -0.2998384553118289, -0.4194688819168155, 0.26589217260318715, 0.4047285353214886, -0.41868465404998223, -0.37134007421473453], [-0.35692866335703727, 0.3226463281311787, -0.15869941401491863, -0.24968062733991644, -0.09419621465377576, -0.023501041244685605, 0.023501082640248284, 0.37144396049648376, -0.6403172743725742, 0.2580884539158543, 0.34160212982965504, 1.0, 0.39401577948523636, -0.7074611018786839, -0.9193701701232513, -0.8440921244541189, 0.6125679261458971, 0.48400097284087296, -0.5782882597664708, -0.3926698782195688], [-0.12124960301055256, 0.13762264755780348, -0.22935685643488612, -0.3050404765391126, -0.17045867246387952, -0.09740852776838174, 0.09740873236556186, 0.5115049221134664, -0.4705525215009817, 0.36695236153030547, 0.3941240434599583, 0.39401577948523636, 1.0, 0.09081178948137716, -0.42441810183774303, -0.6871661281289885, 0.42074225420686806, 0.45798276063720805, -0.5053477602004277, -0.4345029010063882], [0.25208216321347626, -0.25864298806382, -0.07361381997436267, -0.10239550935407538, -0.08756292390801006, -0.044442506846391734, 0.04444264972273888, 0.018303023017188915, 0.3171742927212176, -0.021543378441407964, -0.11873855883890021, -0.7074611018786839, 0.09081178948137716, 1.0, 0.7513385163214883, 0.25300418551554266, -0.3668825260134744, -0.05498294337474696, 0.14400227976014512, 0.01115816956940045], [0.30147730277474666, -0.30775244619842995, 0.02396545540954635, 0.0577559263915762, 0.00015935871342863094, -0.0006813338868539306, 0.000681235811317696, -0.2967879320457742, 0.5610909444109666, -0.21048739415823128, -0.2998384553118289, -0.9193701701232513, -0.42441810183774303, 0.7513385163214883, 1.0, 0.6726276581866166, -0.6122260643023524, -0.2806720180635713, 0.40304327389233174, 0.24766242700677565], [0.3105726337671169, -0.2588365818627177, 0.3191675326117892, 0.46875226237338113, 0.22320939297004172, 0.08094750661764713, -0.08094762519219086, -0.5492470817335744, 0.6708119113119942, -0.37101544624639743, -0.4194688819168155, -0.8440921244541189, -0.6871661281289885, 0.25300418551554266, 0.6726276581866166, 1.0, -0.567837913000347, -0.6840301908835112, 0.7388186632538508, 0.5746878499885744], [-0.2216204246809089, 0.2919926089591152, -0.13731262876008182, -0.1372246543388887, -0.07874949467338983, -0.06756499664293927, 0.06756506313930366, 0.3492025548991308, -0.5084944428724236, 0.24263794319617468, 0.26589217260318715, 0.6125679261458971, 0.42074225420686806, -0.3668825260134744, -0.6122260643023524, -0.567837913000347, 1.0, 0.4154743418910162, -0.6213077251372946, -0.21229319339856365], [-0.3030923185001151, 0.2845937036655829, -0.4680169697929506, -0.5684701755205007, -0.3540772003425296, -0.128588053957293, 0.12858816764670497, 0.5078769074559313, -0.5647484901654474, 0.3934490174929361, 0.4047285353214886, 0.48400097284087296, 0.45798276063720805, -0.05498294337474696, -0.2806720180635713, -0.6840301908835112, 0.4154743418910162, 1.0, -0.9708734904003478, -0.5381258469348897], [0.3194702159482369, -0.32207108616444896, 0.4393353631527846, 0.5258462262885726, 0.32575780362136636, 0.12856724136418426, -0.1285673568157149, -0.5294846131699744, 0.6204338274700998, -0.40284283305827473, -0.41868465404998223, -0.5782882597664708, -0.5053477602004277, 0.14400227976014512, 0.40304327389233174, 0.7388186632538508, -0.6213077251372946, -0.9708734904003478, 1.0, 0.519479803150396], [0.15833102178851075, 0.022437604530499075, 0.4706618759788804, 0.4409892638709123, 0.27227763744281996, 0.052950540079975794, -0.05295066212437024, -0.2986039840553705, 0.3084553732969358, -0.20919192239743745, -0.37134007421473453, -0.3926698782195688, -0.4345029010063882, 0.01115816956940045, 0.24766242700677565, 0.5746878499885744, -0.21229319339856365, -0.5381258469348897, 0.519479803150396, 1.0]]}],\n",
